1 0.08828125 0.53046875 0.0359375 0.053125
0 0.4546875 0.509375 0.0265625 0.053125
1 0.4765625 0.5109375 0.02578125 0.03984375
2 0.40078125 0.5046875 0.02421875 0.0359375
0 0.51796875 0.49296875 0.03515625 0.04609375
1 0.61171875 0.471875 0.02265625 0.0421875
1 0.55390625 0.53046875 0.03125 0.04765625
1 0.59921875 0.5625 0.034375 0.04765625
1 0.68203125 0.49375 0.02265625 0.03828125
1 0.7453125 0.55234375 0.0265625 0.0359375
1 0.828125 0.5296875 0.03203125 0.05390625
0 0.88359375 0.55859375 0.028125 0.03984375
1 0.4578125 0.38203125 0.0125 0.0265625
1 0.475 0.36796875 0.0140625 0.0265625