0 0.884375 0.63046875 0.0265625 0.04609375
1 0.84921875 0.54140625 0.02109375 0.04375
1 0.84609375 0.50078125 0.0234375 0.03828125
1 0.68671875 0.55859375 0.0328125 0.04921875
1 0.60859375 0.4765625 0.025 0.03828125
1 0.225 0.5234375 0.02421875 0.0421875
1 0.3859375 0.50078125 0.02890625 0.04375
1 0.46328125 0.52890625 0.03203125 0.05
0 0.5234375 0.54765625 0.03125 0.03984375
1 0.5484375 0.5453125 0.02421875 0.04375
2 0.20078125 0.596875 0.025 0.0421875
1 0.47265625 0.36953125 0.02109375 0.0359375
1 0.45859375 0.38359375 0.01640625 0.03203125