0 0.97734375 0.54921875 0.015625 0.0265625
0 0.9015625 0.53125 0.02109375 0.03203125
0 0.8203125 0.5453125 0.0203125 0.0328125
1 0.83671875 0.5359375 0.0171875 0.0296875
0 0.5171875 0.52890625 0.02890625 0.046875
0 0.56875 0.50859375 0.02421875 0.046875
1 0.5875 0.509375 0.021875 0.046875
0 0.73671875 0.49765625 0.01640625 0.03515625
0 0.69921875 0.56171875 0.02734375 0.05078125
1 0.72578125 0.4921875 0.0171875 0.03046875
0 0.62421875 0.49140625 0.021875 0.0359375
2 0.2375 0.534375 0.0234375 0.03359375
0 0.7984375 0.52109375 0.01953125 0.03203125