1 0.49140625 0.5125 0.028125 0.04375
0 0.4671875 0.51484375 0.02421875 0.040625
2 0.38828125 0.50625 0.0234375 0.0359375
0 0.52734375 0.4921875 0.03125 0.0421875
1 0.6109375 0.478125 0.03203125 0.03828125
1 0.715625 0.528125 0.02890625 0.040625
1 0.68828125 0.49765625 0.025 0.03671875
1 0.75546875 0.53984375 0.021875 0.0421875
1 0.771875 0.53515625 0.0203125 0.05390625
1 0.83984375 0.53828125 0.03046875 0.053125
0 0.89375 0.55390625 0.02421875 0.0453125
1 0.47734375 0.365625 0.0171875 0.03046875
1 0.45859375 0.38359375 0.015625 0.02890625