0 0.9265625 0.55390625 0.01953125 0.03671875
0 0.8625 0.53359375 0.02265625 0.0421875
2 0.3390625 0.515625 0.01875 0.03125
0 0.5625 0.490625 0.021875 0.03671875
0 0.49765625 0.5109375 0.02265625 0.0375
1 0.52109375 0.51328125 0.02265625 0.0359375
0 0.61171875 0.52890625 0.025 0.04140625
0 0.61015625 0.475 0.02109375 0.03203125
0 0.65546875 0.5625 0.0234375 0.03828125
0 0.77734375 0.54296875 0.01796875 0.034375
1 0.79453125 0.53984375 0.01953125 0.03515625
0 0.675 0.496875 0.01953125 0.028125
1 0.7 0.496875 0.0171875 0.03046875
0 0.75390625 0.51953125 0.021875 0.034375
2 0.00546875 0.5671875 0.0109375 0.0328125
0 0.3078125 0.53515625 0.021875 0.046875