0 0.44140625 0.88046875 0.05546875 0.0921875
0 0.578125 0.52890625 0.0296875 0.04765625
1 0.64140625 0.51328125 0.021875 0.034375
0 0.61015625 0.51015625 0.028125 0.04453125
0 0.62734375 0.47890625 0.02109375 0.0328125
0 0.8515625 0.5421875 0.01796875 0.0359375
1 0.8625 0.5390625 0.01953125 0.03359375
0 0.93515625 0.53671875 0.01953125 0.0359375
0 0.74453125 0.56015625 0.0234375 0.04140625
1 0.77578125 0.49375 0.01640625 0.0265625
0 0.83828125 0.51796875 0.01640625 0.03046875
0 0.7484375 0.49765625 0.0171875 0.03125
2 0.11796875 0.565625 0.02421875 0.04296875