0 0.35859375 0.515625 0.03046875 0.0421875
0 0.47421875 0.4984375 0.0265625 0.0453125
1 0.51328125 0.52890625 0.03671875 0.03984375
1 0.521875 0.5625 0.0421875 0.05703125
1 0.60546875 0.47578125 0.02265625 0.0328125
1 0.590625 0.50390625 0.0296875 0.0453125
1 0.64765625 0.5265625 0.021875 0.03984375
1 0.6875 0.546875 0.02421875 0.03828125
0 0.84140625 0.56015625 0.03046875 0.059375
2 0.06484375 0.57578125 0.02734375 0.0421875
1 0.4734375 0.37421875 0.0203125 0.03984375
1 0.4546875 0.3859375 0.021875 0.0453125