0 0.1375 0.5 0.0234375 0.0375
0 0.296875 0.5203125 0.02578125 0.04140625
0 0.29765625 0.47109375 0.01796875 0.02890625
0 0.38515625 0.49453125 0.02109375 0.03515625
1 0.65546875 0.5109375 0.01640625 0.03359375
0 0.521875 0.478125 0.02109375 0.03359375
1 0.55390625 0.48203125 0.0203125 0.03359375
1 0.4140625 0.44453125 0.015625 0.02734375
2 0.2 0.9015625 0.0359375 0.0671875
2 0.7796875 0.48125 0.0203125 0.02421875
0 0.8765625 0.50390625 0.0203125 0.0359375
2 0.90625 0.47421875 0.01953125 0.02578125