1 0.80859375 0.5453125 0.02109375 0.05
1 0.81328125 0.5015625 0.02109375 0.02890625
0 0.634375 0.55859375 0.034375 0.05
1 0.60703125 0.48046875 0.02421875 0.040625
1 0.05703125 0.5421875 0.025 0.03671875
1 0.1421875 0.5265625 0.025 0.03984375
1 0.13515625 0.49140625 0.025 0.0328125
1 0.3703125 0.525 0.02890625 0.05
1 0.2890625 0.49375 0.028125 0.04375
0 0.45703125 0.55 0.03359375 0.05
1 0.48515625 0.53828125 0.02578125 0.0453125
1 0.82890625 0.528125 0.02421875 0.0515625
0 0.0546875 0.59765625 0.02890625 0.04765625
2 0.25234375 0.59609375 0.0296875 0.0515625
1 0.471875 0.36875 0.02109375 0.034375
1 0.45546875 0.38515625 0.01796875 0.02890625