1 0.81171875 0.496875 0.01953125 0.03359375
0 0.85078125 0.5453125 0.0203125 0.03671875
1 0.8640625 0.5375 0.01796875 0.0359375
0 0.753125 0.56015625 0.02109375 0.040625
0 0.7578125 0.4953125 0.0171875 0.03125
0 0.54140625 0.7953125 0.04140625 0.0765625
2 0.0625 0.56953125 0.02421875 0.03828125
0 0.60078125 0.53203125 0.02890625 0.04453125
1 0.64453125 0.51171875 0.02109375 0.034375
0 0.62890625 0.4796875 0.0203125 0.034375
0 0.625 0.51171875 0.02109375 0.03671875
0 0.96015625 0.53359375 0.02265625 0.0359375