0 0.32265625 0.51640625 0.02109375 0.0359375
0 0.2921875 0.528125 0.021875 0.03671875
0 0.39921875 0.4875 0.021875 0.03671875
0 0.40078125 0.53046875 0.02109375 0.04296875
0 0.60625 0.50390625 0.02421875 0.04140625
2 0.16171875 0.53046875 0.02421875 0.03125
0 0.4109375 0.51640625 0.01640625 0.040625
0 0.42421875 0.82578125 0.053125 0.0765625
2 0.62421875 0.940625 0.040625 0.06484375
0 0.10625 0.4953125 0.0234375 0.0296875
2 0.14765625 0.90234375 0.03984375 0.06328125
0 0.5765625 0.47890625 0.021875 0.040625