0 0.38984375 0.51484375 0.03046875 0.04375
1 0.41328125 0.51875 0.02421875 0.0421875
1 0.603125 0.47578125 0.0296875 0.03046875
0 0.8515625 0.5546875 0.0328125 0.04921875
1 0.8046875 0.53125 0.0265625 0.03828125
1 0.70078125 0.546875 0.02890625 0.0328125
1 0.71875 0.54140625 0.028125 0.0515625
1 0.66171875 0.52734375 0.04453125 0.04375
1 0.54609375 0.559375 0.03671875 0.0421875
1 0.5328125 0.5390625 0.034375 0.040625
0 0.484375 0.50078125 0.03671875 0.04921875
2 0.05859375 0.5703125 0.0234375 0.0453125
1 0.4578125 0.38125 0.01328125 0.034375
1 0.47265625 0.37265625 0.01484375 0.0328125