0 0.86484375 0.5609375 0.025 0.04296875
0 0.82109375 0.5328125 0.02265625 0.0421875
2 0.434375 0.48828125 0.01640625 0.0296875
0 0.4984375 0.4953125 0.021875 0.03671875
0 0.41796875 0.515625 0.02265625 0.0375
1 0.44140625 0.515625 0.02265625 0.0359375
0 0.55703125 0.559375 0.025 0.04140625
0 0.53359375 0.52578125 0.02109375 0.03203125
0 0.65546875 0.5625 0.0234375 0.03828125
0 0.71640625 0.54921875 0.021875 0.0359375
1 0.73671875 0.54453125 0.01953125 0.03515625
0 0.6421875 0.50234375 0.0234375 0.0421875
1 0.665625 0.49765625 0.0171875 0.03046875
0 0.671875 0.525 0.021875 0.034375
2 0.0515625 0.56953125 0.02109375 0.0328125
2 0.5796875 0.4703125 0.01484375 0.02578125
0 0.60234375 0.47265625 0.01796875 0.028125
0 0.603125 0.5015625 0.02421875 0.03515625