1 0.7859375 0.49609375 0.021875 0.0421875
1 0.76328125 0.54453125 0.028125 0.04609375
0 0.57421875 0.55703125 0.03359375 0.05
1 0.5921875 0.47421875 0.02265625 0.0359375
1 0.2578125 0.5296875 0.04140625 0.0515625
0 0.38671875 0.55078125 0.02734375 0.04921875
1 0.4125 0.5375 0.0296875 0.04375
0 0.5453125 0.51640625 0.03671875 0.0515625
1 0.33671875 0.49375 0.03203125 0.05
0 0.11015625 0.61953125 0.03203125 0.04375
2 0.3046875 0.6015625 0.03359375 0.05703125
1 0.4734375 0.36953125 0.015625 0.028125
1 0.45703125 0.37890625 0.0140625 0.028125