1 0.63359375 0.54609375 0.02421875 0.0453125
1 0.70703125 0.50546875 0.02890625 0.0421875
0 0.3859375 0.55390625 0.03359375 0.0515625
1 0.54609375 0.44375 0.0234375 0.04609375
1 0.03203125 0.5296875 0.02734375 0.0359375
1 0.22734375 0.5359375 0.0265625 0.05
0 0.3625 0.5140625 0.028125 0.04375
1 0.13984375 0.50625 0.03203125 0.0453125
1 0.65859375 0.53203125 0.0296875 0.0515625
1 0.26328125 0.6546875 0.02578125 0.05859375
0 0.290625 0.66171875 0.03671875 0.0703125
2 0.421875 0.59921875 0.0359375 0.05546875
1 0.4734375 0.371875 0.0171875 0.03984375
1 0.45390625 0.38125 0.01875 0.03203125