0 0.4921875 0.53515625 0.03515625 0.053125
0 0.5546875 0.50703125 0.02578125 0.0421875
1 0.5765625 0.50859375 0.02109375 0.0359375
0 0.96796875 0.55 0.01796875 0.0296875
0 0.89453125 0.53125 0.0203125 0.0328125
0 0.78671875 0.5203125 0.01796875 0.03203125
0 0.73203125 0.496875 0.015625 0.03046875
1 0.721875 0.49375 0.01484375 0.03046875
0 0.81328125 0.54921875 0.02421875 0.03671875
1 0.8265625 0.54140625 0.01796875 0.034375
0 0.68515625 0.52578125 0.021875 0.04296875
0 0.69453125 0.5640625 0.0328125 0.0578125
0 0.61640625 0.49375 0.0234375 0.03828125
2 0.2609375 0.528125 0.0203125 0.0265625