0 0.0859375 0.5109375 0.025 0.03984375
0 0.315625 0.496875 0.0296875 0.04609375
1 0.2953125 0.55859375 0.03515625 0.05390625
1 0.34296875 0.53359375 0.0296875 0.0515625
1 0.48046875 0.50625 0.02578125 0.05546875
1 0.61171875 0.484375 0.02578125 0.0421875
1 0.54765625 0.53125 0.03671875 0.03828125
0 0.5890625 0.55 0.02109375 0.04765625
1 0.60703125 0.54140625 0.03203125 0.04921875
0 0.740625 0.55703125 0.02890625 0.05859375
1 0.7265625 0.52734375 0.03046875 0.04921875
2 0.14453125 0.58515625 0.03125 0.05703125
1 0.45625 0.384375 0.01640625 0.040625
1 0.47109375 0.37265625 0.01796875 0.0359375