1 0.4046875 0.90625 0.06015625 0.0875
0 0.846875 0.54453125 0.02578125 0.04609375
1 0.56953125 0.53203125 0.0328125 0.04609375
1 0.89140625 0.85390625 0.04375 0.07265625
2 0.13671875 0.565625 0.03359375 0.04921875
1 0.4484375 0.55078125 0.03203125 0.040625
1 0.64140625 0.51328125 0.0234375 0.03984375
0 0.6234375 0.5109375 0.02109375 0.0328125
1 0.62265625 0.4765625 0.0265625 0.03671875
1 0.74375 0.49375 0.02265625 0.03203125
1 0.76640625 0.49296875 0.02421875 0.04375
1 0.9296875 0.53515625 0.01640625 0.05390625
1 0.8328125 0.51796875 0.0234375 0.0328125