1 0.475 0.846875 0.05390625 0.08046875
1 0.86484375 0.54140625 0.021875 0.04921875
0 0.85 0.5453125 0.0265625 0.04765625
1 0.75078125 0.559375 0.02734375 0.05546875
1 0.5859375 0.52890625 0.02734375 0.0421875
1 0.775 0.96171875 0.040625 0.07421875
2 0.10234375 0.5734375 0.0328125 0.0515625
1 0.42421875 0.59140625 0.028125 0.05546875
0 0.625 0.51328125 0.02421875 0.03984375
1 0.64453125 0.5140625 0.01875 0.04375
1 0.62890625 0.47734375 0.025 0.03671875
1 0.75234375 0.49921875 0.0234375 0.0359375
1 0.78359375 0.496875 0.02265625 0.04375
1 0.94296875 0.534375 0.01953125 0.03984375