1 0.04296875 0.52578125 0.03125 0.040625
0 0.43671875 0.5171875 0.0265625 0.03984375
1 0.459375 0.51171875 0.0234375 0.0421875
0 0.5078125 0.49453125 0.02578125 0.03984375
1 0.6046875 0.4796875 0.02421875 0.03828125
1 0.5796875 0.56484375 0.0375 0.05859375
1 0.54453125 0.53046875 0.028125 0.04765625
1 0.6875 0.5234375 0.02734375 0.03828125
1 0.678125 0.4984375 0.02421875 0.03671875
1 0.73359375 0.55234375 0.021875 0.04375
1 0.75078125 0.540625 0.02578125 0.05546875
0 0.88046875 0.55859375 0.025 0.04765625
1 0.82421875 0.5296875 0.0296875 0.04375
1 0.47578125 0.36640625 0.01328125 0.02890625
1 0.459375 0.38203125 0.01484375 0.03671875