0 0.31171875 0.51953125 0.02109375 0.0359375
0 0.28515625 0.52578125 0.021875 0.03671875
0 0.4296875 0.49921875 0.021875 0.03671875
0 0.40234375 0.5265625 0.02109375 0.04296875
0 0.61875 0.50390625 0.02421875 0.04140625
2 0.153125 0.53359375 0.02421875 0.03125
0 0.4171875 0.51015625 0.01640625 0.040625
0 0.32578125 0.8265625 0.04921875 0.071875
2 0.52734375 0.95390625 0.0484375 0.07265625
0 0.15859375 0.4875 0.0234375 0.0296875
2 0.078125 0.8828125 0.03359375 0.05234375
0 0.6046875 0.48515625 0.021875 0.040625