0 0.29609375 0.525 0.02421875 0.0359375
0 0.2625 0.53515625 0.021875 0.0390625
0 0.4796875 0.49609375 0.02265625 0.040625
0 0.41171875 0.51640625 0.02109375 0.04296875
0 0.7359375 0.5015625 0.02109375 0.0375
0 0.9109375 0.75703125 0.03671875 0.059375
2 0.11171875 0.54140625 0.0234375 0.028125
0 0.5703125 0.8109375 0.04296875 0.078125
0 0.3578125 0.48125 0.021875 0.03203125
0 0.4234375 0.50703125 0.01640625 0.03984375
0 0.03046875 0.80234375 0.0390625 0.07734375
2 0.1515625 0.93359375 0.03359375 0.07578125