1 0.9640625 0.6171875 0.02421875 0.04375
1 0.86015625 0.6890625 0.025 0.05546875
1 0.53984375 0.70078125 0.04453125 0.06484375
1 0.49765625 0.70078125 0.04296875 0.0609375
1 0.465625 0.3859375 0.02109375 0.0328125
0 0.2171875 0.8296875 0.0578125 0.08984375
1 0.06640625 0.57109375 0.03046875 0.053125
1 0.04375 0.5640625 0.02421875 0.04375
0 0.3328125 0.55 0.03203125 0.03984375
1 0.1234375 0.70234375 0.0421875 0.08203125
0 0.82578125 0.49765625 0.0265625 0.040625
1 0.42421875 0.4140625 0.0234375 0.03671875