0 0.6609375 0.55703125 0.0265625 0.04375
0 0.45625 0.503125 0.01875 0.0328125
0 0.33671875 0.50078125 0.0265625 0.0390625
0 0.49140625 0.55078125 0.028125 0.0453125
1 0.5140625 0.54453125 0.02421875 0.04375
0 0.41875 0.52734375 0.01875 0.03671875
2 0.22109375 0.590625 0.02109375 0.02890625
2 0.51796875 0.4828125 0.02109375 0.03125
0 0.60703125 0.478125 0.01796875 0.028125
1 0.95859375 0.61875 0.025 0.03515625
0 0.828125 0.54296875 0.02265625 0.03984375
1 0.8453125 0.53046875 0.0203125 0.03515625