1 0.2796875 0.49609375 0.0296875 0.04765625
1 0.24296875 0.5515625 0.02421875 0.05
1 0.29609375 0.528125 0.02109375 0.03046875
1 0.44921875 0.51015625 0.02265625 0.04609375
1 0.521875 0.53125 0.0234375 0.04921875
0 0.56328125 0.5515625 0.0234375 0.04765625
1 0.58515625 0.54140625 0.02109375 0.04609375
1 0.87109375 0.4984375 0.01796875 0.02890625
1 0.875 0.53984375 0.02421875 0.05546875
0 0.721875 0.55625 0.03203125 0.04609375
1 0.609375 0.47734375 0.01953125 0.0421875
0 0.71640625 0.6328125 0.0375 0.0625
2 0.1625 0.59140625 0.02890625 0.03984375
1 0.47265625 0.371875 0.0234375 0.0453125
1 0.45546875 0.38359375 0.01796875 0.034375